<2,2>
7, 6.9, 0
7.10351390415587,8.32211001953104,0.464904533379217
 0, 0, 0, 0, 0, 84, 84, 0, 0, 0, 0, 84, 0, 0, 0, 
7.09131262087992,7.2554386028169,0.23626064828166
7.04588829045246,7.71837183698774,0.239454026071859
7.04518147964838,7.72218286752515,0.239476836274018
7.04446875842448,7.72594293632048,0.239497629139189
7.0433738340172,7.7419728070872,0.239575090596243
7.04253675693438,7.74545167873637,0.239593382648254
7.04124341296261,7.7487642276587,0.239611972979637
7.04031124217408,7.75228932892047,0.239631773136892
7.03906564388669,7.75552739139764,0.239650603090459
7.03768523759128,7.75860358114261,0.23966950681079


<2,3>
11.2, 7.3, 0
12.7244546498609,7.91581685936649,0.474274559157398
 0, 0, 88, 0, 0, 0, 0, 121, 0, 0, 0, 0, 45, 0, 0, 
12.5944366152738,7.85704092796102,0.231102058331098
12.591537434999,7.85563722171299,0.23106004344745
12.5886320314792,7.85404592076225,0.231025323588074
12.585908215043,7.85271958407035,0.23098980925528
12.5827664259719,7.85118631665943,0.230957258695373
12.5797194670246,7.84969279228447,0.230919757107458
12.5772644430512,7.84847946835278,0.230883419758822
12.5749837136277,7.84706766596286,0.23085414324467
12.5726716650092,7.845922008459,0.230825809168539
12.5708351814446,7.84482436471876,0.230798297213902

<2,6>
23.5, 7, 0
23.2291287259428,8.52600994778599,0.464769169249906
 0, 0, 0, 0, 0, 0, 0, 84, 84, 0, 0, 0, 0, 84, 0, 
24.1919734328888,6.19244286700353,0.234933041834163
24.2185858725472,6.49483621453919,0.234684813943579
24.2202262258969,6.49799063581697,0.234688540982829
24.2218764542288,6.50078961639374,0.234694268612303
24.2232078501157,6.50397743826536,0.234700348734883
24.2247957811767,6.50720445733702,0.234704580980775
24.2261369592064,6.51034059285691,0.234710095874418
24.2274975456499,6.51289674726909,0.234714484578506
24.2295032681051,6.51455788136657,0.234719417957237
24.2314938776745,6.51638141608923,0.234728222249876

<3,6>
23.8, 11.5, 0
25.4209886143985,12.2126252022009,0.500049229713879
 0, 0, 0, 0, 0, 0, 0, 0, 33, 0, 0, 0, 0, 116, 105, 
25.4333491965396,12.0772573192592,0.2474726875701
25.4602379287259,12.2715976242901,0.24656359758152
25.4609098737801,12.275270820689,0.24654718352942
25.4613058889895,12.2786174745469,0.246530483425011
25.4616768785831,12.2817953217742,0.246516357548666
25.4619037089963,12.284459772763,0.246503020026926
25.4620899920182,12.2877058887874,0.246492272070595
25.4622770874241,12.2900742340604,0.246479644524678
25.4625684007942,12.292676863969,0.246470221876805
25.4626979111883,12.2955108497618,0.246459498137656



